x : [1.82828596 1.95345643]
sigma : [0.43975258 0.55887684]