x : [1.82864509 1.95468483]
sigma : [0.4403733  0.56253107]