x : [1.83433933 1.95330297]
sigma : [0.4396166  0.55917074]