x : [2.80609859 3.33482897]
sigma : [2.99601849 4.37688751]