x : [2.79487961 3.32016273]
sigma : [2.9782789  4.41503745]