x : [2.79973536 3.33073174]
sigma : [2.98693211 4.36555399]